0.034482758620689655
0.1724137931034483
0.1724137931034483
0.1724137931034483
0.20689655172413793
0.27586206896551724
0.3103448275862069
0.3793103448275862
0.3793103448275862
0.3793103448275862
0.41379310344827586
0.4827586206896552
0.4827586206896552
0.4827586206896552
0.5862068965517241
0.5862068965517241
0.5862068965517241
0.6206896551724138
0.7241379310344828
0.6896551724137931
0.6896551724137931
0.7586206896551724
0.7241379310344828
0.7931034482758621
0.7586206896551724
0.7931034482758621
0.7931034482758621
0.7931034482758621
0.7931034482758621
0.7931034482758621
0.8275862068965517
0.8275862068965517
0.8620689655172413
0.8620689655172413
0.8620689655172413
0.896551724137931
0.8620689655172413
0.8620689655172413
0.8620689655172413
0.8620689655172413
0.8620689655172413
0.8620689655172413
0.896551724137931
0.896551724137931
0.896551724137931
0.896551724137931
0.896551724137931
0.896551724137931
0.896551724137931
0.896551724137931
0.896551724137931
0.896551724137931
0.896551724137931
0.896551724137931
0.896551724137931
0.896551724137931
0.896551724137931
0.896551724137931
0.896551724137931
0.896551724137931
0.896551724137931
0.896551724137931
0.896551724137931
0.896551724137931
0.896551724137931
0.896551724137931
0.896551724137931
0.896551724137931
0.896551724137931
0.896551724137931
0.896551724137931
0.896551724137931
0.896551724137931
0.896551724137931
0.896551724137931
0.896551724137931
0.896551724137931
0.896551724137931
0.896551724137931
0.896551724137931
0.896551724137931
0.896551724137931
0.896551724137931
0.896551724137931
0.896551724137931
0.896551724137931
0.896551724137931
0.896551724137931
0.896551724137931
0.896551724137931
0.896551724137931
0.896551724137931
0.896551724137931
0.896551724137931
0.896551724137931
0.896551724137931
0.896551724137931
0.896551724137931
0.896551724137931
0.896551724137931
0.896551724137931
0.896551724137931
0.896551724137931
0.896551724137931
0.896551724137931
0.896551724137931
0.896551724137931
0.896551724137931
0.896551724137931
0.896551724137931
0.896551724137931
0.896551724137931
0.896551724137931
0.896551724137931
0.896551724137931
0.896551724137931
0.896551724137931
0.896551724137931
0.896551724137931
0.896551724137931
0.896551724137931
0.896551724137931
0.896551724137931
0.896551724137931
0.896551724137931
0.896551724137931
0.896551724137931
0.896551724137931
0.896551724137931
0.896551724137931
0.896551724137931
0.896551724137931
0.896551724137931
0.896551724137931
0.896551724137931
0.896551724137931
0.896551724137931
0.896551724137931
0.896551724137931
0.896551724137931
0.896551724137931
0.896551724137931
0.896551724137931
0.896551724137931
0.896551724137931
0.896551724137931
0.896551724137931
0.896551724137931
0.896551724137931
0.896551724137931
0.896551724137931
0.896551724137931
0.896551724137931
0.896551724137931
0.896551724137931
0.896551724137931
0.896551724137931
0.896551724137931
0.896551724137931
0.896551724137931
0.896551724137931
0.896551724137931
0.896551724137931
0.896551724137931
0.896551724137931
0.896551724137931
0.896551724137931
0.896551724137931
0.896551724137931
0.896551724137931
0.896551724137931
0.896551724137931
0.896551724137931
0.896551724137931
0.896551724137931
0.896551724137931
0.896551724137931
0.896551724137931
0.896551724137931
0.896551724137931
0.896551724137931
0.896551724137931
0.896551724137931
0.896551724137931
0.896551724137931
0.896551724137931
0.896551724137931
0.896551724137931
0.896551724137931
0.896551724137931
0.896551724137931
0.896551724137931
0.896551724137931
0.896551724137931
0.896551724137931
0.896551724137931
0.896551724137931
0.896551724137931
0.896551724137931
0.896551724137931
0.896551724137931
0.896551724137931
0.896551724137931
0.896551724137931
0.896551724137931
0.896551724137931
0.896551724137931
0.896551724137931
0.896551724137931
0.896551724137931
0.896551724137931
0.896551724137931
0.896551724137931
0.896551724137931
0.896551724137931
0.896551724137931
0.896551724137931
0.896551724137931
0.896551724137931
0.896551724137931
0.896551724137931
0.896551724137931
0.896551724137931
0.896551724137931
0.896551724137931
0.896551724137931
0.896551724137931
0.896551724137931
0.896551724137931
0.896551724137931
0.896551724137931
0.896551724137931
0.896551724137931
0.896551724137931
0.896551724137931
0.896551724137931
0.896551724137931
0.896551724137931
0.896551724137931
0.896551724137931
0.896551724137931
0.896551724137931
0.896551724137931
0.896551724137931
0.896551724137931
0.896551724137931
0.896551724137931
0.896551724137931
0.896551724137931
0.896551724137931
0.896551724137931
0.896551724137931
0.896551724137931
0.896551724137931
0.896551724137931
0.896551724137931
0.896551724137931
0.896551724137931
0.896551724137931
0.896551724137931
0.896551724137931
0.896551724137931
0.896551724137931
0.896551724137931
0.896551724137931
0.896551724137931
0.896551724137931
0.896551724137931
0.896551724137931
0.896551724137931
0.896551724137931
0.896551724137931
0.896551724137931
0.896551724137931
0.896551724137931
0.896551724137931
0.896551724137931
0.896551724137931
0.896551724137931
0.896551724137931
0.896551724137931
0.896551724137931
0.896551724137931
0.896551724137931
0.896551724137931
0.896551724137931
0.896551724137931
0.896551724137931
0.896551724137931
0.896551724137931
0.896551724137931
0.896551724137931
0.896551724137931
0.896551724137931
0.896551724137931
0.896551724137931
0.896551724137931
0.896551724137931
0.896551724137931
0.896551724137931
0.896551724137931
0.896551724137931
0.896551724137931
0.896551724137931
0.896551724137931
0.896551724137931
0.896551724137931
0.896551724137931
0.896551724137931
0.896551724137931
0.896551724137931
0.896551724137931
0.896551724137931
0.896551724137931
0.896551724137931
0.896551724137931
0.896551724137931
0.896551724137931
0.896551724137931
0.896551724137931
0.896551724137931
0.896551724137931
0.896551724137931
0.896551724137931
0.896551724137931
0.896551724137931
0.896551724137931
0.896551724137931
0.896551724137931
0.896551724137931
0.896551724137931
0.896551724137931
0.896551724137931
0.896551724137931
0.896551724137931
0.896551724137931
0.896551724137931
0.896551724137931
0.896551724137931
0.896551724137931
0.896551724137931
0.896551724137931
0.896551724137931
0.896551724137931
0.896551724137931
0.896551724137931
0.896551724137931
0.896551724137931
0.896551724137931
0.896551724137931
0.896551724137931
0.896551724137931
0.896551724137931
0.896551724137931
0.896551724137931
0.896551724137931
0.896551724137931
0.896551724137931
0.896551724137931
0.896551724137931
0.896551724137931
0.896551724137931
0.896551724137931
0.896551724137931
0.896551724137931
0.896551724137931
0.896551724137931
0.896551724137931
0.896551724137931
0.896551724137931
0.896551724137931
0.896551724137931
0.896551724137931
0.896551724137931
0.896551724137931
0.896551724137931
0.896551724137931
0.896551724137931
0.896551724137931
0.896551724137931
0.896551724137931
0.896551724137931
0.896551724137931
0.896551724137931
0.896551724137931
0.896551724137931
0.896551724137931
0.896551724137931
0.896551724137931
0.896551724137931
0.896551724137931
0.896551724137931
0.896551724137931
0.896551724137931
0.896551724137931
0.896551724137931
0.896551724137931
0.896551724137931
0.896551724137931
0.896551724137931
0.896551724137931
0.896551724137931
0.896551724137931
0.896551724137931
0.896551724137931
0.896551724137931
0.896551724137931
0.896551724137931
0.896551724137931
0.896551724137931
0.896551724137931
0.896551724137931
0.896551724137931
0.896551724137931
0.896551724137931
0.896551724137931
0.896551724137931
0.896551724137931
0.896551724137931
0.896551724137931
0.896551724137931
0.896551724137931
0.896551724137931
0.896551724137931
0.896551724137931
0.896551724137931
0.896551724137931
0.896551724137931
0.896551724137931
0.896551724137931
0.896551724137931
0.896551724137931
0.896551724137931
0.896551724137931
0.896551724137931
0.896551724137931
0.896551724137931
0.896551724137931
0.896551724137931
0.896551724137931
0.896551724137931
0.896551724137931
0.896551724137931
0.896551724137931
0.896551724137931
0.896551724137931
0.896551724137931
0.896551724137931
0.896551724137931
0.896551724137931
0.896551724137931
0.896551724137931
0.896551724137931
0.896551724137931
0.896551724137931
0.896551724137931
0.896551724137931
0.896551724137931
0.896551724137931
0.896551724137931
0.896551724137931
0.896551724137931
0.896551724137931
0.896551724137931
0.896551724137931
0.896551724137931
0.896551724137931
0.896551724137931
0.896551724137931
0.896551724137931
0.896551724137931
0.896551724137931
0.896551724137931
0.896551724137931
0.896551724137931
0.896551724137931
0.896551724137931
0.896551724137931
0.896551724137931
0.896551724137931
0.896551724137931
0.896551724137931
0.896551724137931
0.896551724137931
0.896551724137931
0.896551724137931
0.896551724137931
0.896551724137931
0.896551724137931
0.896551724137931
0.896551724137931
0.896551724137931
0.896551724137931
0.896551724137931
0.896551724137931
0.896551724137931
0.896551724137931
0.896551724137931
0.896551724137931
0.896551724137931
